256 16029 26908
256 14036 6413
256 17043 34613
256 25 7591
256 6031 12653
256 17029 12672
256 17030 14829
256 12040 14669
256 2044 10302
256 3040 3351
256 8026 18605
256 20028 3469
256 21020 25707
256 21011 21211
256 8017 15651
256 18024 24714
256 21019 17435
256 16035 6402
256 15042 23161
256 5036 2723
256 5029 27622
256 19016 18517
257 21043 25952
257 16048 10145
257 19043 17942
257 1060 13880
257 20035 6314
257 16044 25912
257 18068 31673
257 20046 6325
257 11046 6937
257 40 29562
257 10112 3700
257 5051 26635
257 20061 17942
257 14056 4922
257 5052 8251
257 20055 31111
257 12067 4524
257 14039 5784
257 12048 5067
257 5056 18086
257 2064 4332
257 20042 1427
257 1059 6945
257 53 19313
257 10106 8538
257 12046 716
257 16052 18133
257 20049 12320
257 1058 14646
257 13057 15491
257 3052 1439
257 14052 10569
257 7056 10430
257 5054 36354
257 8036 30777
257 1062 31571
257 14043 10618
257 13051 37989
257 18058 25840
257 21042 7309
257 8038 15329
257 9046 30123
257 18073 32679
257 3054 17036
257 9065 29450
257 10093 10648
257 5057 6575
257 21035 24123
257 20059 25213
257 10103 4128
257 21037 25586
257 12045 30971
257 14051 6263
257 18070 28757
257 20057 24952
257 7057 8381
257 20047 33827
257 18071 29880
257 11053 18787
257 9064 10949
4118 10145 24838
4118 16082 12912
4118 18099 2458
4118 11088 6717
4118 11084 12903
4118 10147 3390
4118 16086 16331
4118 8096 32701
4118 9131 5368
4118 20085 12766
4118 17091 16500
4118 6082 29880
4118 67 34627
4118 16093 23884
4118 8080 9036
4118 20080 36143
4118 1104 30235
4118 3081 34605
4118 2082 14822
4118 18093 36602
4118 17100 37533
4118 2092 37729
4118 15087 10194
4118 14113 14267
4118 20079 12672
4118 10150 20069
4118 14098 29302
4118 21102 23239
4118 21091 18726
4118 17111 18257
4118 2103 29085
4118 5124 26902
4118 14114 24101
4118 16087 36435
4118 12115 17714
4118 18108 3079
4118 18088 4222
4118 15093 29222
4118 15088 10211
4118 13081 20005
4118 10136 37552
4118 11093 18640
4118 15096 17748
4118 5110 5342
4118 20098 26295
4118 4090 3683
4118 15089 22883
4118 15106 1647
4118 2106 8877
4118 2093 29880
4118 7096 2850
4118 3093 3423
4118 4082 8472
4118 4079 35712
4118 5109 30640
4118 1116 10454
4118 1117 24952
4118 11094 28475
4118 5126 27988
4123 7162 24123
4123 19125 28948
4123 9227 22539
4123 13145 35898
4123 16154 29453
4123 19128 17036
4123 20167 25209
4123 9207 22193
4123 13146 10255
4123 7158 23469
4123 7156 29566
4123 105 21515
4123 13156 10710
4123 15160 26421
4123 19124 19813
4123 21148 22422
4123 12174 7081
4123 7147 37764
4123 21136 13434
4123 20153 4029
4123 17144 4045
4123 2139 29516
4123 15152 7377
4123 3152 3474
4123 5185 14226
4123 12175 27723
4123 11166 27931
4123 5179 35561
4123 16165 5415
4123 20150 18753
4123 15166 14902
4123 15156 27117
4123 16157 29833
4123 1196 24971
4123 12178 2684
4123 21137 12486
4123 12180 8142
4123 9206 35920
4123 16163 702
4123 1207 7772
4123 2143 31111
4123 4145 29214
4123 10209 27494
4123 12168 7163
4123 117 20296
4123 15149 14664
4123 19123 1699
4123 2159 15748
4123 2158 18557
4123 12173 14656
4123 9223 14212
4123 11164 25028
4123 11168 1565
4123 14178 32974
4123 126 5395
4123 4138 10660
4123 1177 1948
4123 8155 15321
4123 18180 24898
4123 14153 37202
4123 14172 29918
4123 4146 1670
4123 9204 6281
4123 16152 36525
4123 18175 13948
4123 20177 24181
4123 8150 26058
4123 2137 13357
4123 6150 23928
4124 141 1940
4124 1218 9746
4124 21164 14608
4124 19152 2632
4124 18188 36271
4124 15183 6924
4124 6160 37313
4124 7166 36349
4124 13171 21153
4124 21171 17475
4124 8172 10846
4124 19156 12203
4124 2169 10452
4124 4167 14003
4124 10213 585
4124 11169 22183
4124 11181 2471
4124 5208 15541
4124 13178 2766
4124 10211 21198
4124 4158 21153
4124 16170 28940
4124 15177 25410
4124 12199 6483
4124 138 28717
4124 21168 9068
4124 5213 3311
4124 11186 18114
4124 12183 16946
4124 20192 30877
4124 14191 4722
4124 3167 3577
4124 15169 37781
4124 4164 24432
4124 6154 16946
4124 11172 37895
4124 18199 36159
4124 7165 17200
4124 11174 31120
4124 4171 15381
4125 4172 3299
4125 13183 9133
4125 17186 36175
4125 3180 5701
4125 7183 1554
4125 6183 13093
4125 5223 7769
4125 13192 25709
4125 6184 17494
4125 3191 26295
4125 16184 6034
4125 6168 25100
4125 145 17222
4125 153 14903
4125 148 2384
4125 14210 32406
4125 15198 21496
4125 19165 33659
4125 7190 16849
4125 8189 20077
4125 15193 33550
4125 18207 29525
4125 19161 25428
4125 3186 3166
4125 15202 7234
4125 14208 7168
4125 8175 35976
4125 4177 36249
4125 2176 9114
4125 13184 3549
4125 18211 37906
4125 14207 23759
4125 17200 2461
4125 12206 32817
4125 12208 37931
4125 11190 23653
4125 14211 4033
4125 10222 21363
4127 12232 20359
4127 18213 23945
4127 2204 15688
4127 13223 22492
4127 5233 13292
4127 166 17177
4127 14243 29379
4127 16216 7312
4127 18233 12634
4127 3224 24148
4127 13234 26442
4127 13237 1889
4127 7196 15179
4127 7206 15179
4127 13226 19341
4127 18227 1670
4127 3225 21316
4127 15229 3583
4127 18229 9593
4127 174 30937
4127 5232 4722
4127 12237 28738
4127 9277 22695
4127 6219 24838
4127 9306 14725
4127 9280 34339
4127 12219 23059
4127 15226 1599
4127 18225 31368
4127 13239 9916
4127 18220 11393
4127 1248 6938
4127 13221 111
4127 16220 17089
4127 9310 16369
4127 13230 10341
4127 13232 34368
4127 8210 36252
4127 17214 2156
4127 17216 7797
4127 10253 31313
4127 15228 34837
4127 18222 13244
4127 8208 35807
4127 14226 26874
4127 16212 5650
4129 1271 6132
4129 16237 7585
4129 20224 12620
4129 20223 15743
4129 19201 13234
4129 5251 13321
4129 9323 6555
4129 1279 17817
4129 2243 702
4129 192 11493
4129 21221 16841
4129 17260 5388
4129 3249 13755
4129 15233 37811
4129 3236 37171
4129 4236 10253
4129 12258 23607
4129 11240 8804
4129 21219 25841
4129 14257 19997
4129 21220 6307
4129 7214 7643
4129 186 27725
4129 7208 24816
4129 17258 17733
4129 16230 10468
4129 20233 32376
4129 4214 20296
4129 20234 7163
4129 12254 2347
4129 11261 20685
4131 13281 6298
4131 215 15516
4131 6265 29708
4131 18268 28994
4131 9369 34681
4131 9370 21190
4131 20260 6253
4131 21253 28237
4131 1300 2379
4131 6269 21318
4131 18271 22358
4131 21261 7543
4131 5283 35139
4131 1296 5683
4131 6256 3580
4131 14270 10402
4131 5276 7405
4131 20267 20535
4131 14288 2431
4131 15271 8443
4131 3278 19250
4131 1286 23626
4131 11303 19304
4131 14287 3427
4131 14269 30173
4131 19219 4242
4131 21246 6413
4131 6272 17529
4131 13283 25961
4131 12275 266
4131 18270 22441
4131 1289 9075
4131 15282 24838
4131 14289 3333
4131 18259 16946
4131 19214 28143
4131 21244 15264
4131 17289 14615
4131 21243 13524
4131 12278 21792
4131 6276 21395
4131 8245 5358
4131 13269 8584
4131 6261 12813
4131 7253 26412
4131 2257 30131
4131 12297 20375
4132 20275 36738
4132 16281 19344
4132 3294 28753
4132 5299 22340
4132 234 10192
4132 3304 17444
4132 6288 32458
4132 9374 674
4132 13296 14577
4132 17302 33550
4132 8258 1553
4132 21271 20148
4132 5301 4982
4132 16288 25438
4132 18287 12672
4132 1316 22748
4132 7266 5088
4132 13288 25131
4132 11329 5036
4132 2278 31235
4132 11308 35599
4132 17301 1
4132 19242 26820
4132 11310 16501
4132 16285 33853
4132 17308 30388
4132 8263 33853
4132 9388 21043
4132 17294 2652
4132 14300 417
4132 18281 2909
4132 1307 29530
4132 3303 27428
4132 6304 4578
4132 3292 25034
4132 3311 14631
4132 5285 27220
4132 21277 6032
4132 235 26901
4132 18284 30408
4132 19255 10339
4132 10335 22610
4132 16282 30261
4132 19262 20122
4132 5287 20278
4132 10344 5942
4132 17313 6797
4132 6297 8858
4132 6295 13082
4132 18291 10666
4132 1319 37450
4132 1306 21965
4132 10340 15024
4132 12316 36419
4132 16279 15133
4132 21276 8718
4132 3313 19723
4132 6296 30545
4132 2282 26397
4132 4263 24285
4134 16300 25218
4134 12327 13400
4134 15313 21842
4134 2292 3956
4134 6318 14894
4134 3321 13128
4134 7291 32082
4134 12323 17444
4134 2295 25972
4134 11338 17835
4134 15309 22715
4134 2285 32082
4134 2289 6041
4134 3327 24123
4134 17320 29880
4134 258 10706
4134 7295 24432
4134 17317 15214
4134 15317 23112
4134 271 9085
4134 6314 2613
4134 11336 23467
4134 5310 38
4134 14318 29931
4134 16299 27619
4135 5342 27209
4135 17334 22473
4135 3343 15816
4135 16309 21319
4135 1342 29015
4135 20349 18086
4135 7311 29880
4135 16311 26156
4135 11362 23351
4135 13324 18337
4135 3342 26157
4135 5319 29015
4135 12337 32817
4135 18309 25410
4135 17327 24418
4135 6342 11493
4135 11349 29880
4135 18313 17818
4135 294 27999
4135 8286 15912
4135 11363 4212
4135 7314 1439
4135 13333 26292
4135 21334 383
4135 12338 20962
4135 15343 22300
4135 20343 27991
4135 2327 2549
4135 15328 30648
4135 10361 25742
4135 10350 29308
4135 19297 20982
4135 14334 28143
4135 4297 4900
4135 5320 29090
4270 3440 23208
4270 8338 26348
4270 21415 592
4270 6396 34381
4270 16406 17509
4270 3436 23764
4270 3452 31111
4270 7355 592
4270 9447 700
4270 3435 21319
4270 8347 23878
4270 1424 24853
4270 19382 24621
4270 2411 2569
4270 7357 23016
4270 6397 10189
4270 13386 29015
4270 20420 29083
4270 19379 31448
4270 338 26157
4270 4380 31111
4271 14424 6189
4271 342 6667
4271 5410 37680
4271 340 32580
4271 21433 32575
4271 4389 18225
4271 18400 31111
4271 19388 15793
4271 2424 24519
4271 13392 29525
4271 14423 25438
4271 2430 17484
4271 6406 13325
4271 17412 3533
4271 7374 17416
4271 11411 29880
4271 12413 30258
4271 15441 11394
4271 16422 32688
4271 8367 36259
4271 9474 29880
4271 15449 24571
4271 9472 34782
4271 8356 26345
4271 10426 31111
4271 13404 37147
4271 8357 7734
4271 14427 19653
4271 17413 22250
4271 1431 29880
4271 9461 29880
4271 16433 28725
4271 19393 29083
4271 2427 23241
4271 15434 29239
4271 3471 22605
4271 5415 4952
4271 1435 27999
4271 11425 29880
4271 18388 29880
4271 3456 29880
4271 4390 11493
4271 11407 1054
4271 12424 2860
4271 13407 14296
4272 6410 8234
4272 16436 15816
4272 13411 24699
4272 20443 4128
4272 5423 21157
4272 358 5067
4272 16438 18870
4272 20445 16340
4272 2433 26157
4272 7382 21153
4272 17429 36349
4272 5429 2830
4276 16482 25413
4276 10488 4578
4276 20512 31111
4276 12497 2156
4276 1492 4467
4276 5476 32579
4276 8448 34874
4276 4451 14338
4276 13472 25533
4276 11494 15299
4276 392 4973
4276 10492 1427
4276 2489 9087
4276 19456 21878
4276 18454 33874
4276 2491 29640
4276 11485 33644
4276 5475 5870
4276 10485 25879
4276 11477 13342
4276 13467 5342
4276 10473 9036
4276 2494 9834
4276 11486 19344
4276 18458 21571
4276 5490 1587
4276 20518 32600
4276 13450 11677
4276 15485 26059
4276 4443 20900
4276 11483 34569
4276 21518 12848
4276 13456 29012
4276 9510 37915
4276 12504 30209
4276 13446 27536
4276 17482 36195
4276 5486 10384
4276 11479 30254
4276 12485 4530
4276 391 1707
4276 2482 10811
4276 4465 28940
4276 16489 12715
4276 4458 10192
4276 19457 25707
4276 20504 36132
4276 18449 30686
4276 17478 28147
4276 15493 2357
4276 6465 25234
4276 10478 4730
4276 12500 9277
4276 9518 12479
4276 14482 26032
4276 4460 11296
4276 17484 21206
4276 386 12653
4276 12502 35912
4276 384 15179
4276 20508 10454
4276 13455 26863
4278 16521 7734
4278 16517 27482
4278 10516 30008
4278 10521 24181
4278 20549 24584
4278 21555 29880
4278 2535 29666
4278 19495 24608
4278 11528 23262
4278 10526 28475
4278 12533 13905
4278 15534 32082
4278 14523 22704
4278 2539 13667
4278 14536 10851
4278 404 23789
4278 17519 36126
4278 19501 29246
4278 2551 29244
4278 16514 26564
4278 13479 27470
4278 18489 26735
4278 20527 25303
4278 14534 13776
4278 13489 23380
4278 15552 6670
4278 9550 2909
4278 8475 27391
4278 3564 27428
4278 1517 36258
4278 17514 27302
4278 1518 27855
4278 8490 27511
4278 16526 12715
4278 9556 23049
4278 4493 25431
4278 11515 20051
4278 21550 29308
4278 21549 17435
4278 20546 1180
4278 10517 333
4278 16523 11022
4278 17506 28503
4278 17522 31537
4278 10518 9008
4278 412 26500
4278 14541 37825
4278 14551 26348
4278 1524 786
4278 5509 26348
4278 1531 29228
4278 406 19643
4278 15549 37340
4278 4481 37677
4278 13481 23868
4280 20583 24181
4280 9588 37803
4280 21572 15206
4280 16566 2
4280 6540 24993
4280 20573 13174
4280 21575 10260
4280 436 32708
4347 10555 19890
4347 8580 17751
4347 458 16757
4347 10558 25966
4347 16653 4128
4347 3667 17824
4347 19561 4327
4347 19558 24876
4348 5571 17200
4348 11563 24394
4348 17602 36253
4348 19576 1507
4348 3700 36497
4348 15674 26632
4348 19585 22367
4348 1627 13841
4348 18544 2253
4348 6610 19309
4348 21665 18640
4348 9692 8234
4348 10568 17086
4348 16691 7726
4348 12647 27807
4348 3701 1244
4348 18538 36351
4348 4578 27031
4348 1630 3364
4348 21671 33533
4348 17622 6538
4348 15686 26635
4348 19588 9277
4348 21676 20088
4348 492 28143
4348 6629 30554
4348 475 13976
4348 9667 32012
4348 5558 5041
4348 15670 10452
4348 9662 26961
4348 489 8182
4348 11555 22032
4348 14665 27272
4348 9686 23737
4348 14638 10255
4348 11561 25145
4348 11565 21397
4348 21672 31010
4348 13584 23166
4348 1633 3311
4357 522 28851
4357 15717 17200
4357 16713 3915
4357 10593 18080
4357 5600 32189
4357 12666 36258
4357 19617 24123
4357 12652 10563
4357 21721 7730
4357 3748 22807
4357 14688 1635
4357 1651 34631
4357 10589 936
4357 5588 3027
4357 10602 3196
4357 20731 27428
4357 526 6478
4357 16724 12878
4357 10587 4264
4357 7611 28734
4357 14683 29077
4357 14696 27679
4357 19607 21219
4357 3741 32679
4357 7622 30263
4357 2659 17174
4357 11593 25702
4357 5585 30408
4357 12651 24418
4357 2665 3050
4357 10601 1620
4357 7617 10340
4357 2660 23737
4357 4616 3833
4357 8640 13186
4357 15707 10611
4357 15721 17200
4357 19626 24333
4357 15708 7459
4357 21711 34098
4357 4632 29632
4357 539 24394
4357 20712 7423
4357 3731 10604
4357 7619 30814
4357 6652 13160
4357 21699 33878
4357 529 4964
4357 10582 37703
4357 3754 7486
4357 21705 27635
4357 15710 23750
4357 5590 14577
4357 11590 21878
4357 14680 1959
4357 2658 12730
4357 8652 10618
4357 17642 37552
4357 8633 6717
4357 3726 31111
4357 19623 10302
4357 21713 26615
4357 9714 22880
4357 4642 10171
4357 17649 26130
4357 17640 2980
4357 8636 10070
4357 9715 24418
4357 7610 29496
4357 11580 35976
4357 18574 779
4357 16715 27052
4357 4621 10611
4357 4637 23469
4357 3738 3354
4357 17633 36944
4363 4644 22741
4363 8659 16340
4363 557 27397
4363 15728 27740
4363 3756 24144
4363 3762 8952
4363 16729 18266
4394 12682 10902
4394 5637 18645
4394 18587 28992
4394 4669 9087
4394 8690 27991
4394 1695 7025
4394 9766 7
4394 1696 27999
4394 15743 4016
4394 597 4978
4394 12685 14656
4394 16748 10882
4394 8682 10454
4394 4662 19924
4394 18591 4729
4394 8680 14756
4394 12688 16477
4394 4666 2509
4394 14716 32599
4394 12707 23565
4394 11613 8252
4394 12686 252
4394 1682 23736
4394 570 13938
4394 13654 26027
4394 13659 30123
4394 571 2771
4394 14730 15794
4394 18588 37015
4394 17675 25204
4394 4670 20101
4394 1679 26615
4394 12693 13125
4394 5645 10340
4394 9768 28147
4394 8691 29880
4394 560 18566
4394 18589 35912
4394 2674 21948
4394 16774 1153
4394 15768 17214
4394 20750 15805
4394 9765 23997
4394 5628 24898
4394 18606 22441
4394 19655 4984
4394 10651 19309
4394 13645 14772
4394 5626 30777
4394 5634 21637
4394 8702 36498
4394 1685 6406
4394 16766 7309
4394 16754 37391
4394 5655 8420
4394 14749 10692
4394 16753 6417
4394 10642 13303
4394 10626 18645
4394 13652 32615
4394 9741 34339
4394 572 20891
4394 3805 28994
4394 21736 6316
4396 6721 11003
4396 629 22111
4396 11637 7063
4396 6731 4258
4396 11641 29880
4396 628 28189
4396 10692 1290
4396 4697 34636
4396 13689 34784
4396 5669 29261
4396 3830 1845
4396 21763 2850
4396 21760 29228
4396 21749 17725
4396 1727 1668
4396 11649 3092
4396 1734 31111
4396 2696 17103
4396 15796 8418
4396 21759 6717
4396 9784 14639
4396 9783 15417
4396 7692 37027
4396 1733 18215
4396 7679 6305
4396 13682 34067
4396 20782 16578
4396 630 2521
4396 21768 4532
4396 13680 24285
4396 12732 19057
4396 1735 29880
4396 21745 21153
4396 10685 36259
4396 10695 23564
4396 2708 2300
4396 2695 17036
4396 3816 4060
4396 13686 30122
4396 5668 24554
4397 14788 4128
4397 1772 23565
4397 2738 30388
4397 5675 25931
4397 12775 5828
4397 16835 32676
4397 1753 17725
4397 634 16578
4397 9802 23609
4397 10716 34683
4397 12773 7478
4397 18639 18349
4397 20796 14319
4397 3849 34988
4397 9817 21404
4397 20794 33878
4397 11653 2921
4397 6737 31111
4397 10728 26345
4397 16832 30390
4397 13703 35619
4397 8752 29880
4397 11657 29880
4397 7697 16500
4397 9795 11841
4397 4719 21072
4397 3839 29231
4397 9821 33637
4397 10720 10799
4397 9794 26908
4397 1756 37906
4397 1774 37548
4397 12768 18876
4397 20797 26483
4397 4703 21538
4397 17715 2379
4397 2717 4812
4397 21776 23268
4397 6738 1260
4397 14794 18330
4397 16838 922
4397 2720 3538
4397 21772 17864
4397 14806 7294
4397 10706 193
4397 10699 26837
4397 10724 27809
4397 12757 29364
4397 2719 37657
4397 10729 27644
4397 17717 29865
4397 18638 23046
4399 16873 28405
4399 2761 29470
4399 18663 34681
4399 8770 14176
4399 10775 26397
4399 20830 3526
4399 1802 6545
4399 16866 17712
4399 9865 6682
4399 671 17200
4399 7742 35830
4399 19708 2362
4399 661 8538
4399 7737 15171
4399 1819 6674
4399 20839 4900
4399 6796 14245
4399 10773 11877
4399 14839 3711
4399 10776 21287
4399 20817 3327
4399 12820 28142
4399 12828 14122
4399 16859 25214
4399 1810 26345
4400 14846 13976
4400 1828 28936
4400 9885 36891
4400 11705 6667
4400 1842 34597
4400 19726 25702
4400 17748 5385
4400 16901 19459
4400 21834 25531
4400 3893 11798
4400 6807 27020
4400 18675 36143
4400 4748 27940
4400 17749 15214
4400 1826 25533
4400 11704 26860
4400 9874 36435
4400 15850 4026
4400 10787 24502
4400 6801 25582
4400 12851 34098
4400 17740 27940
4400 18677 7494
4400 14849 29167
4400 8795 5196
4400 16881 26921
4400 10789 27232
4400 11713 31525
4400 2775 9114
4400 6809 27940
4400 8792 15623
4400 2780 36139
4400 685 34595
4400 4760 36910
4400 10793 25414
4400 11700 12293
4400 13757 22928
4400 8808 36913
4400 10785 2347
4400 20844 13745
4400 4761 2903
4400 2787 27940
4417 14899 10103
4417 6852 14583
4417 5759 698
4417 12889 25653
4417 20879 1299
4417 20898 28664
4417 11718 6654
4417 21844 27601
4417 2800 14837
4417 12875 8186
4417 3915 13851
4417 690 37895
4417 10816 27252
4417 20900 33447
4417 21849 15805
4417 4769 13839
4417 9941 21072
4417 13790 4136
4417 18711 12781
4417 21836 29484
4417 16940 3769
4417 20902 24391
4417 8853 10806
4417 11714 21645
4417 18710 21758
4417 3913 592
4417 14896 34636
4417 21841 27420
4417 19738 592
4417 20886 5040
4417 17764 13378
4417 1852 27428
4417 4776 7168
4417 10828 13031
4417 13807 7168
4417 7777 198
4417 1854 10568
4417 11722 28389
4417 12880 26348
4417 14890 6427
4417 1848 24898
4417 15887 35226
4417 5752 6668
4423 4805 7827
4423 15899 5205
4423 721 37061
4423 12903 10279
4423 11739 3689
4423 18733 11571
4423 17774 31111
4423 2817 35380
4423 19764 2850
4423 14901 32201
4423 719 24397
4423 10837 23737
4423 15892 5391
4423 6859 29880
4423 9944 18520
4423 15896 8516
4423 21856 13565
4423 4806 28142
4423 4795 8022
4423 4804 8020
4423 17770 25214
4423 17772 1337
4423 9959 28371
4423 17771 29967
4423 2828 26635
4423 11737 20568
4423 4799 17019
4423 11748 16187
4423 2832 34488
4423 12901 23024
4423 16958 28228
4423 2827 26217
4423 19769 3578
4423 14908 4837
4423 16955 29880
4423 1868 21198
4423 11745 32725
4423 21857 37915
4423 20914 25961
4423 5772 2512
4424 13828 10269
4424 13839 15223
4424 2844 3443
4424 5776 1279
4424 726 36071
4424 2852 17940
4424 21870 2501
4424 19778 11375
4424 7823 34681
4424 11763 8471
4424 18750 31885
4424 14916 8516
4424 5774 36288
4424 728 12938
4424 14924 5511
4424 13843 13441
4424 19773 20359
4424 21879 10454
4424 18739 2
4424 2839 6363
4424 20928 37391
4424 12935 1433
4424 10847 24518
4424 1881 16792
4424 4820 32782
4424 21873 37055
4424 20915 8234
4424 16964 17036
4424 2854 34577
4424 7813 11207
4424 20923 25664
4424 3935 5041
4424 12913 17036
4424 16965 6523
4424 18742 19264
4424 7815 23117
4424 16984 15305
4424 20926 31208
4424 7817 35557
4424 2850 16369
4424 9968 7300
4424 18738 7703
4424 18743 26903
4424 6873 31312
4424 13832 29231
4427 8906 25841
4427 20971 21661
4427 1931 28690
4427 1936 33379
4427 2890 23714
4427 13893 4588
4427 5801 30408
4427 12977 2645
4427 20957 18277
4427 4857 12598
4427 21926 20134
4427 6917 23905
4427 17833 2458
4427 784 27135
4427 13891 20685
4427 19826 26508
4427 1907 1948
4427 15945 23318
4427 21937 10563
4427 1906 15257
4427 1913 19344
4427 20960 9694
4427 10896 8966
4427 15950 10839
4427 21934 1682
4427 2871 6937
4427 4858 11296
4427 8912 7571
4427 2895 10452
4427 14949 22896
4427 20972 18876
4427 771 14157
4427 17815 10141
4427 17826 15684
4427 19850 30409
4427 1914 10128
4427 8905 21719
4427 12966 28824
4427 15934 3854
4427 21930 34595
4427 1933 83
4427 10886 31773
4427 6910 9867
4427 15941 19459
4427 10900 14752
4427 7863 4060
4427 1930 18797
4427 20963 12766
4427 17832 13695
4427 19836 12170
4427 15935 2888
4427 17824 36349
4427 20950 4222
4427 1908 21649
4427 21915 26494
4427 3998 31537
4427 12975 23024
4427 14948 36126
4427 17823 28147
4427 785 37710
4427 10893 13977
4904 11801 4075
4904 8942 30004
4904 12996 10509
4904 17850 37895
4904 17845 28958
4904 8933 2253
4904 6938 21153
4904 10921 10643
4904 11803 4338
4904 21939 36353
4904 21949 32835
4904 8924 15748
4904 19860 36975
4904 21948 13842
4904 13900 6614
4904 1939 8074
4904 7896 2840
4904 5818 10192
4904 14973 252
4904 8927 23580
4904 10913 29575
4904 12991 10712
4904 6924 20323
4904 10922 6189
4904 5831 23737
4904 10916 4341
4904 17839 27047
4904 17844 3955
4904 793 15133
4904 19872 23049
4904 5827 23737
4904 12997 21966
4904 21953 33928
4904 19861 35028
4954 816 7920
4954 7927 20093
4954 21997 12931
4954 21981 9081
4954 21980 2128
4954 19891 24432
4954 4895 14475
4954 823 41
4954 11851 1511
4954 11861 15179
4954 19895 238
4954 17889 21287
4954 11849 34625
4954 21983 19583
4954 7935 15294
4955 6979 3586
4955 1970 37450
4955 4931 36349
4955 6971 22367
4955 5878 25744
4955 1974 30035
4955 10985 32012
4955 7941 22810
4955 7970 2099
4955 1980 34681
4955 1993 3050
4955 4917 26307
4955 11874 12958
4955 19914 2433
4955 8984 12838
4955 1990 6309
4955 2951 4128
4955 6970 24148
4955 4912 21940
4955 11867 31111
4955 18822 34555
4955 6981 35664
4955 10973 326
4955 10983 20562
4955 19922 17036
4955 10965 31319
4955 18844 1553
4955 6966 20272
4955 19924 20585
4955 10966 20005
4955 19915 29379
4955 2942 25017
4955 6972 20370
4955 4920 13441
4955 17905 23608
4955 4933 22381
4955 855 15179
4955 11871 37858
4955 19911 29819
4955 13930 19341
4955 6968 8476
4955 2964 16341
4955 7943 22800
4955 19935 20894
4955 19916 13100
4955 5889 17200
4955 1969 3549
4956 4943 32082
4956 6990 25438
4956 5895 12715
4956 17910 33465
4956 4964 7494
4956 6992 29859
4956 4956 32708
4956 19957 33465
4956 10998 33957
4956 10997 4708
4956 4958 28125
4956 2989 24108
4956 2975 30411
4956 11894 31937
4956 6996 26348
4956 13969 20089
4956 4944 7769
4956 4946 11230
4956 4937 3979
4956 5906 29863
4956 17908 14745
4956 870 25415
4956 869 7494
4956 4940 22741
4956 19956 23576
4956 2969 29231
4956 17912 29247
4956 17922 10880
4956 11918 32490
4956 13964 36247
4956 5901 32691
4956 18863 12585
4956 19945 12080
4956 17909 31462
4956 11908 23758
4956 2983 10722
4958 910 37005
4958 919 16001
4958 7999 5922
4958 11954 18317
4961 11999 2099
4961 954 18642
4961 18913 32707
4961 5959 5179
4961 18925 5902
4961 951 15024
4961 11992 3578
4961 955 10139
4961 18931 37202
4962 5978 35226
4962 5997 31235
4962 18964 32974
4962 988 24337
4962 18935 26348
4962 18944 23166
4962 5986 11296
4962 18942 30123
4962 18953 12903
4962 5991 13259
4962 5988 2133
4964 999 27973
4964 995 13321
254 13006 25937
254 16002 10844
254 10040 23016
254 1000 35976
254 3009 37731
254 11003 4523
254 3004 19997
4119 11101 1952
4119 11108 3592
4119 18117 10084
4119 6102 5896
4119 13121 11841
4119 7106 22715
4119 1120 30124
4119 1137 5093
4119 2113 24845
4119 13109 5902
4119 3112 5877
4119 12127 18266
4119 20121 20685
4119 14122 21789
4119 11111 16369
4122 15140 24318
4122 4131 33644
4122 12158 22436
4122 9200 37913
4122 11154 8984
4122 13140 29880
4122 6122 32187
4122 6121 17476
4122 1169 5391
4122 1171 17444
4122 10183 27476
4122 10195 29880
4122 12155 19063
4122 18156 8419
4122 8133 234
4122 1165 4116
4122 3134 8939
4136 17337 21319
4136 5347 2461
4136 18333 23270
4136 8308 1762
4136 15352 13365
4136 3373 13050
4136 17340 6616
4136 15360 24848
4136 6353 3457
4136 17350 24250
4136 1363 31524
4136 16322 9647
4136 8312 3457
4137 17370 2766
4137 11371 20292
4137 4331 28757
4137 18352 30981
4137 16346 29880
4137 16364 4494
4137 17368 15803
4137 16336 25526
4137 2352 29077
4137 1378 24070
4137 18343 2156
4137 2353 16566
4137 1381 306
4137 18351 17578
4137 21356 21598
4137 4330 24642
4137 21357 2358
4137 10396 4983
4137 6376 16512
4137 3408 22806
4137 16351 32201
4137 20382 25
4137 6368 13667
4137 17371 21139
4137 3391 27020
4137 20362 6371
4137 6370 23714
4137 16347 31391
4137 15372 32615
4137 19315 5036
4137 3389 20350
4137 18354 31111
4137 20377 30185
4137 21366 25210
4137 12356 2101
4137 15368 11257
4137 11381 6930
4137 15369 25059
4137 18344 30777
4137 1382 16028
4137 2368 25754
4137 10403 18709
4137 2356 11294
4137 17356 16477
4137 4346 13125
4137 18360 21703
4137 6371 24749
4137 14369 34269
4170 5373 10361
4170 3414 14666
4170 20397 1896
4170 1389 6695
4170 16377 28841
4170 19340 2337
4170 2382 7318
4170 17374 7769
4170 15398 11394
4170 21376 21806
4269 19363 19091
4269 18381 23880
4269 16393 37915
4269 7343 4987
4269 8321 32676
4269 20414 24432
4269 7350 6444
4269 17396 5838
4269 15417 29528
4269 11394 23117
4269 20402 7427
4269 12394 7768
4269 16386 1049
4269 16390 13125
4269 20405 29429
4269 8328 6721
4269 19359 18349
4269 10412 30820
4269 14397 14056
4269 1401 28734
4269 14388 23010
4269 18378 33638
4269 20412 1599
4269 18375 29639
4269 16388 20101
4269 9439 23248
4269 4370 10363
4269 12383 30557
4269 14385 12533
4269 8329 25306
4269 21395 26908
4269 21389 13165
4269 4363 8907
4269 15407 23016
4269 4361 66
4269 14387 26133
4269 11390 1343
4269 19362 3692
4269 9435 6980
4269 12380 26433
4269 15408 26820
4274 13428 6389
4274 12474 29382
4274 18435 25838
4274 21484 29379
4274 21494 11022
4274 10453 27209
4274 4437 31187
4274 6450 2526
4274 18444 34961
4274 7426 24643
4274 2454 23
4274 5457 25550
4274 5463 4116
4274 8429 7405
4274 12473 16578
4274 20482 31522
4274 8433 10363
4274 1481 25955
4274 11470 6098
4274 20484 28832
4274 18440 22800
4274 11475 13478
4274 4432 7762
4274 10451 6107
4274 12464 21883
4274 8427 13980
4274 8417 4259
4274 21497 963
4274 7421 8086
4274 6439 22075
4274 2469 23617
4274 13429 32944
4274 17456 6616
4274 4431 37791
4274 2472 8600
4274 3521 24005
4274 4430 16638
4274 3500 19740
4274 2451 26238
4274 14472 7784
4274 2475 35402
4274 20479 13327
4274 5462 350
4274 8428 13776
4325 11536 16578
4325 2590 1618
4325 8547 6717
4325 18525 670
4325 3654 10506
4325 6582 29231
4325 1591 23208
4325 5536 17543
4325 12588 2948
4325 9637 26932
4325 3645 29013
4325 6570 7479
4325 5546 30388
4325 19553 5882
4325 15632 29880
4325 8553 5549
4325 6585 32012
4325 2597 28005
4325 5539 4722
4325 15638 18266
4325 12592 6658
4325 6563 29033
4325 21640 25001
4325 8533 24926
4325 12595 23498
4325 15635 29868
4325 16648 7424
4325 8560 19148
4325 6588 4913
4325 14599 13062
4325 8556 28367
4325 18520 24443
4325 6564 27648
4325 1589 323
4325 12600 4730
4325 16646 23350
4325 3644 29859
4325 4538 5377
4325 4544 326
4325 21647 10191
4325 6565 15849
4325 4543 29589
4325 5530 9055
4325 7560 26475
4325 15639 29868
4325 16633 35511
4325 20633 29600
4325 15641 37340
4351 1637 17204
4351 6640 16340
4351 18556 33384
4351 7595 14700
4398 1792 34625
4398 17721 2188
4398 19686 21222
4398 6773 6417
4398 6776 274
4398 15810 10947
4398 3868 31565
4398 18649 22485
4398 21786 4977
4398 15822 21933
4398 12803 34368
4398 14821 10637
4398 18660 3469
4398 16848 36071
4398 10754 553
4398 4736 9081
4398 4727 11330
4398 17722 29364
4398 14824 15305
4398 3863 20415
4398 11676 37912
4398 12790 15748
4398 4728 18476
4398 16843 35627
4398 6771 13102
4398 10749 2205
4398 12808 16187
4398 4735 21697
4398 5690 20546
4398 14820 14763
4398 10758 12030
4398 8754 18448
4398 3871 23737
4398 10751 13977
4398 10756 27545
4398 16850 24890
4398 9847 26785
4398 5693 3460
4398 19688 20356
4398 10745 7307
4398 4729 16138
4953 7906 10430
4953 18787 3050
4953 2920 13287
4953 4882 3219
4953 14995 11330
4953 4886 4638
4953 18809 20194
4953 13926 2736
4953 15988 10523
4953 1958 36088
4953 10938 14480
4953 21958 252
4953 17860 3578
4953 20994 21787
4953 21962 8206
4953 17858 5339
4953 8946 3578
4953 17868 14638
4953 20998 2002
4953 14996 27204
4953 17854 13734
4953 6941 23612
4953 11837 27895
4953 11826 32105
4953 2911 19702
4953 6949 3364
4953 11829 23248
4953 18780 32621
4953 17857 3520
4953 6953 14122
4953 6943 18646
4953 10954 670
255 8004 6853
255 9011 34958
255 13013 35899
255 14010 25233
255 2011 1983
255 2014 4460
255 9013 6444
255 7009 9932
255 10055 29455
255 4017 34784
255 16019 27605
255 8007 15002
255 7005 28143
255 16013 2244
258 5084 8234
258 12080 19315
258 19056 26723
258 16061 14809
258 11064 29920
258 9076 2133
258 14062 35494
258 14060 7071
258 17073 16342
258 11069 12112
258 14072 35629
258 9078 36814
258 17081 13127
258 2071 18207
258 3072 1876
4126 3216 8420
4126 8199 4480
4126 2190 30986
4126 2196 20881
4126 9268 4987
4126 11205 2645
4126 6207 21758
4126 2193 21765
4289 5520 537
4289 4529 18994
4289 18509 14517
4289 20609 26930
4289 3629 10504
4289 19541 29859
4289 3631 18491
4289 19528 35619
4289 17563 21632
4395 3808 17847
4395 3812 5067
4395 6716 29920
4395 8707 17741
4395 12728 13303
4395 8712 26865
4395 8711 29064
4401 3906 16414
4401 12871 7644
4401 16907 3401
4401 16920 7598
4401 12857 33656
4401 9914 24355
4401 13773 6191
4401 16913 11131
4401 20867 5113
4401 14859 13776
4401 16921 17729
4401 10800 29880
4401 12855 16817
4401 10808 10404
4401 6816 18645
4401 5741 24394
4401 10799 10452
4401 20865 10397
4279 7494 30777
4279 14561 24509
4279 9587 23737
4279 16538 20359
4279 21565 27391
4279 14555 21645
4279 17543 17071
4279 20567 10597
4279 9569 26635
4279 21560 28333
4279 6530 33919
4279 9580 5942
4279 21556 17080
4279 4507 10636
4425 19812 36794
4425 20943 12591
4425 6894 24848
4425 21902 6564
4425 4841 14656
4957 4971 2549
4957 7987 10070
4957 11927 1
4957 11922 12172
4957 18888 3017
4957 7994 29219
4957 11929 21362
4957 18881 20549
4957 13979 32712
4957 7996 21704
4957 19983 8627
4957 4986 32859
4957 19968 27521
4957 18877 7263
4957 19969 6667
4957 13994 34988
4957 4967 26359
4957 11939 23351
4957 19963 22875
4957 17932 34631
4957 7992 19875
4957 17939 25410
4959 17988 26133
4959 4998 24799
4959 11971 9030
4959 5944 5911
4959 17978 24123
4959 5946 8471
4959 5949 23010
4959 11970 23593
4959 11964 7432
4959 5941 28574
4117 16077 6403
4117 5104 12816
4117 21084 26401
4117 19065 1620
4117 9108 11330
4117 15083 33180
4117 15078 17751
4117 5103 4924
4117 7084 10381
4117 9106 6716
4117 21078 6313
4130 11280 26961
4130 17270 37450
4130 21233 29313
4130 9342 36512
4130 5258 30704
4130 15261 24971
4273 6430 30124
4273 20467 6307
4273 21464 31885
4273 5442 24553
4273 6426 1587
4273 17434 23449
4273 5439 36606
4273 5435 8756
4121 10173 15088
4121 10178 10710
4121 7128 21334
4121 14138 17057
4121 20147 15736
4121 9184 6717
4121 6116 16404
4299 16589 15310
4299 15623 6953
4299 17575 1003
4299 21631 22129
4299 16590 33787
4299 20611 20365
4299 16610 30712
4299 16609 37052
4299 15600 8091
4960 17997 28237
4133 19265 5388
4133 21295 6673
4133 20311 6242
4133 20309 36465
4133 21299 13164
4133 20301 30254
4133 19276 36401
4133 21296 11195
4133 21298 29584
